pooling_ratio,weight_decay,id,dataset,lr,K,edge_ratio,batch_size,reward,num_layers,dropout_ratio
0.8573689930552635,0,WyDba,DD,0.001,2,0.47501890123758134,256,0.7310924369747899,2,0
0.6674567918239404,0,BTfo1,DD,0.001,1,0.459389376671288,256,0.7647058823529411,2,0
0.89689079433854,0,M17qN,DD,0.001,1,0.5325114879580065,256,0.7899159663865546,3,0
0.5946123109576144,0,I0fVs,DD,0.001,3,0.24119606927476822,256,0.8067226890756303,5,0
0.10355930924647004,0,SP93n,DD,0.001,1,0.5064605948381333,256,0.6134453781512605,5,0
0.7236261415331167,0,zKnoc,DD,0.001,4,0.8016818418272944,256,0.7899159663865546,2,0
0.6193182105499588,0,SjdrH,DD,0.001,2,0.40697151908005624,256,0.7983193277310925,5,0
0.5421241500951393,0,KGtCs,DD,0.001,3,0.9695425784898186,256,0.773109243697479,3,0
0.24664503036825397,0,XgpOI,DD,0.001,3,0.37168195425446293,256,0.7394957983193278,3,0
0.8411351418481057,0,ge9VF,DD,0.001,1,0.23841254450882926,256,0.7394957983193278,3,0
0.45837882661780405,0,UrtxD,DD,0.001,3,0.28212044239756384,256,0.7647058823529411,6,0
0.12609581412720977,0,a5T9d,DD,0.001,3,0.9353018541979508,256,0.7563025210084033,2,0
0.8594090059138602,0,OZsKp,DD,0.001,1,0.49507297520098925,256,0.7647058823529411,6,0
0.30883903172592797,0,GEWKZ,DD,0.001,2,0.9342848817073606,256,0.773109243697479,6,0
0.6706666949711174,0,vs0AA,DD,0.001,2,0.44537394324959867,256,0.7899159663865546,3,0
0.8101900910512123,0,uWcdO,DD,0.001,3,0.47167995890150705,256,0.8235294117647058,6,0
0.7128141788126543,0,rG5Wi,DD,0.001,4,0.39160521396825576,256,0.7983193277310925,3,0
0.3784436637958407,0,nI6X6,DD,0.001,1,0.8293002189167396,256,0.6470588235294118,4,0
0.89703263886406,0,UzOvQ,DD,0.001,4,0.8983461741619105,256,0.8067226890756303,2,0
0.45221775779027606,0,rONEe,DD,0.001,2,0.29039508764486277,256,0.7563025210084033,2,0
0.7669633899951068,0,VdoA7,DD,0.001,4,0.9186299186675024,256,0.7478991596638656,6,0
0.5295424725021898,0,oHTXO,DD,0.001,3,0.2821204257967872,256,0.773109243697479,4,0
0.14676500621942656,0,H2Pee,DD,0.001,3,0.7097872090966406,256,0.7478991596638656,2,0
0.512539842396456,0,YA6Qb,DD,0.001,2,0.20307073555454302,256,0.8067226890756303,3,0
0.4188114216858486,0,QjIZs,DD,0.001,1,0.34521917187598594,256,0.7142857142857143,6,0
0.1317752867241529,0,LTlKq,DD,0.001,3,0.7432439407180127,256,0.6890756302521008,6,0
0.7890019356154844,0,fSB4l,DD,0.001,2,0.5100046720053066,256,0.7815126050420168,4,0
0.19359098575485928,0,jJGtA,DD,0.001,2,0.528359844281509,256,0.7983193277310925,3,0
0.4426184773183376,0,oD9Eo,DD,0.001,1,0.3898747152866017,256,0.680672268907563,6,0
0.4415842547083225,0,TQsJE,DD,0.001,1,0.4785577927808599,256,0.680672268907563,4,0
0.3760038355472489,0,E01uu,DD,0.001,1,0.6736926899164297,256,0.7058823529411765,5,0
0.8752282916355725,0,DXPpR,DD,0.001,4,0.2510257387946821,256,0.8067226890756303,3,0
0.27260163391549264,0,pLdGf,DD,0.001,2,0.23661859936156918,256,0.7310924369747899,3,0
0.7253771699292395,0,vTHhM,DD,0.001,4,0.4298945427476353,256,0.7563025210084033,6,0
0.6686012052187886,0,xHZzJ,DD,0.001,1,0.3616645100640799,256,0.6722689075630253,6,0
0.862814806536796,0,HA66K,DD,0.001,4,0.7809085321487295,256,0.7983193277310925,2,0
0.7797758172547646,0,ucZOP,DD,0.001,1,0.26527926252161094,256,0.7310924369747899,4,0
0.3151653885631037,0,C3XAR,DD,0.001,3,0.4096522678980318,256,0.7478991596638656,4,0
0.4762676873895392,0,uYVQQ,DD,0.001,2,0.7886370221123673,256,0.7226890756302521,3,0
0.7826212343385432,0,cLQEg,DD,0.001,3,0.24765964186777856,256,0.7563025210084033,5,0
0.7040205229945627,0,YGtgx,DD,0.001,3,0.7593803129492347,256,0.7563025210084033,6,0
0.8378640165554595,0,GHB5D,DD,0.001,3,0.267121536011361,256,0.7815126050420168,5,0
0.596660435787185,0,hVpxD,DD,0.001,1,0.30856821418303754,256,0.7394957983193278,3,0
0.4512598165345886,0,aP06B,DD,0.001,2,0.3772187164665794,256,0.8067226890756303,4,0
0.2943265320010398,0,ZoLQa,DD,0.001,3,0.717483770262598,256,0.7647058823529411,4,0
0.38770974502584254,0,PLEfw,DD,0.001,1,0.9942906701805811,256,0.6470588235294118,5,0
0.851551376980907,0,ffgST,DD,0.001,3,0.6122050850492484,256,0.7983193277310925,4,0
0.4369942534262695,0,pVCaT,DD,0.001,2,0.6933517254928622,256,0.773109243697479,6,0
0.3690610171276708,0,Es3ub,DD,0.001,1,0.6368854731981338,256,0.7142857142857143,3,0
0.34460770194974355,0,rwCAf,DD,0.001,1,0.6168146946778164,256,0.6470588235294118,3,0
0.8296553644229614,0,IRkak,DD,0.001,1,0.6120586826084309,256,0.6722689075630253,6,0
0.36435597981807094,0,HewOM,DD,0.001,1,0.5971339711667283,256,0.6722689075630253,6,0
0.6211869224140831,0,Fqbp0,DD,0.001,3,0.6050494567037507,256,0.7899159663865546,5,0
0.629422320714901,0,PvZPC,DD,0.001,3,0.6376998560203125,256,0.8151260504201681,5,0
0.8299491653354609,0,VQrhj,DD,0.001,1,0.6651442944551688,256,0.7226890756302521,6,0
0.8161943862196395,0,zH9K9,DD,0.001,1,0.6099791848386806,256,0.7394957983193278,6,0
0.8458304987966351,0,OWc8u,DD,0.001,4,0.5891196953691353,256,0.7647058823529411,6,0
0.7750587367543696,0,ur3iF,DD,0.001,4,0.6018328110357553,256,0.7899159663865546,6,0
0.8107437037432634,0,crYZt,DD,0.001,4,0.6309712857454565,256,0.7815126050420168,6,0
0.897783688707606,0,KLIo6,DD,0.001,4,0.5744649757558289,256,0.8067226890756303,6,0
0.8293274401079006,0,ks56L,DD,0.001,4,0.5707774730407107,256,0.773109243697479,6,0
0.6161777298367476,0,zXigP,DD,0.001,4,0.6120316030659956,256,0.7478991596638656,6,0
0.6072857615341182,0,ANyjX,DD,0.001,3,0.6336409447234734,256,0.773109243697479,5,0
0.6435162462744967,0,xjHfx,DD,0.001,3,0.3401883737098991,256,0.773109243697479,5,0
0.2076938151419801,0,WP7ul,DD,0.001,1,0.6108757780760732,256,0.5798319327731093,6,0
0.8967486673351961,0,vh4hk,DD,0.001,4,0.5826273004770355,256,0.7647058823529411,3,0
0.19403600078309474,0,xIh2j,DD,0.001,2,0.32694414572190794,256,0.7563025210084033,4,0
0.19865770996798465,0,hZzL9,DD,0.001,2,0.34201591636624745,256,0.7815126050420168,6,0
0.4015844426280441,0,HjLpz,DD,0.001,2,0.33529623810665576,256,0.8235294117647058,4,0
0.21297284766740038,0,X7f29,DD,0.001,2,0.33582635439946756,256,0.773109243697479,4,0
0.21586435965499318,0,afqxe,DD,0.001,3,0.5631231944068749,256,0.7563025210084033,5,0
0.5438699886606957,0,cOXdA,DD,0.001,3,0.3304160520380046,256,0.8487394957983193,5,0
0.6627798820318118,0,AeaBe,DD,0.001,3,0.6668361820024482,256,0.7815126050420168,5,0
0.6653188142120146,0,NLLua,DD,0.001,3,0.5582682210224441,256,0.7899159663865546,5,0
0.5502953092177199,0,t32LP,DD,0.001,3,0.5507662770017421,256,0.7815126050420168,2,0
0.555306199452409,0,iXePD,DD,0.001,3,0.8724788284882867,256,0.7647058823529411,2,0
0.65724377058962,0,aDapW,DD,0.001,3,0.3212973600060173,256,0.7647058823529411,2,0
0.6652467163137384,0,c367Z,DD,0.001,3,0.3289668154739516,256,0.7647058823529411,2,0
0.5473360793171983,0,t1syq,DD,0.001,3,0.3372607734381675,256,0.7899159663865546,2,0
0.5541976065477309,0,a0N00,DD,0.001,3,0.550725540535365,256,0.7815126050420168,2,0
0.5423138104334613,0,LW8qH,DD,0.001,3,0.5447561689064523,256,0.7394957983193278,2,0
0.1783231022337673,0,e6t37,DD,0.001,3,0.8321691334022705,256,0.8151260504201681,2,0
0.538572139371607,0,hoxfB,DD,0.001,3,0.8419677598197305,256,0.7899159663865546,2,0
0.5442131345538846,0,Nea9w,DD,0.001,3,0.5467002108860761,256,0.7647058823529411,2,0
0.5533212407392558,0,JbDSX,DD,0.001,3,0.8318645741234398,256,0.7815126050420168,2,0
0.5595746030364342,0,mLwqY,DD,0.001,3,0.8349796786338286,256,0.773109243697479,2,0
0.5440848401004381,0,t0Vg4,DD,0.001,3,0.863429505358887,256,0.7815126050420168,2,0
0.5633169396839244,0,o5AdV,DD,0.001,3,0.853392750657057,256,0.773109243697479,2,0
0.5395495677391664,0,jMOSC,DD,0.001,3,0.8784636349118832,256,0.7815126050420168,2,0
0.5660064503553759,0,Cc2F7,DD,0.001,3,0.8606296205180545,256,0.7647058823529411,2,0
0.5510475461727009,0,yl4eB,DD,0.001,2,0.8428231154133029,256,0.7899159663865546,4,0
0.5702488284023579,0,JsQRq,DD,0.001,2,0.5340945633684748,256,0.7899159663865546,4,0
0.542384737940308,0,mEVL7,DD,0.001,2,0.5454640066753222,256,0.7478991596638656,2,0
0.5525668658690297,0,P22ba,DD,0.001,3,0.4140598402957887,256,0.7899159663865546,2,0
0.5487339790717932,0,EQ3Mw,DD,0.001,2,0.5419870989725675,256,0.7394957983193278,2,0
0.5652450603840582,0,iGdjX,DD,0.001,2,0.21527174099070423,256,0.7983193277310925,4,0
0.4959165345933461,0,yQmZM,DD,0.001,2,0.2070379767055233,256,0.8067226890756303,4,0
0.5641067156555488,0,WQAtY,DD,0.001,2,0.21594967873402704,256,0.8235294117647058,4,0
0.5089210591007827,0,m9vm9,DD,0.001,2,0.21904356161437719,256,0.7563025210084033,4,0
